timestamp,status_code,response_time_ms,success,error
2026-06-02T17:30:26.176124+00:00,200,1.47,True,
2026-06-02T17:30:27.177773+00:00,200,7.9,True,
2026-06-02T17:30:28.186000+00:00,200,2.15,True,
2026-06-02T17:30:29.188322+00:00,200,4.48,True,
2026-06-02T17:30:30.193253+00:00,200,6.62,True,
2026-06-02T17:30:31.200877+00:00,200,3.52,True,
2026-06-02T17:30:32.204767+00:00,200,3.32,True,
2026-06-02T17:30:33.208357+00:00,200,9.8,True,
2026-06-02T17:30:34.218525+00:00,200,8.35,True,
2026-06-02T17:30:35.227188+00:00,200,1.8,True,
2026-06-02T17:30:36.229465+00:00,200,6.5,True,
2026-06-02T17:30:37.256840+00:00,200,5.19,True,
2026-06-02T17:30:38.262409+00:00,200,7.8,True,
2026-06-02T17:30:39.270539+00:00,200,6.68,True,
2026-06-02T17:30:40.277823+00:00,200,7.19,True,
2026-06-02T17:30:41.285999+00:00,200,5.69,True,
2026-06-02T17:30:42.292056+00:00,200,3.53,True,
2026-06-02T17:30:43.296077+00:00,200,6.09,True,
2026-06-02T17:30:44.302457+00:00,200,5.38,True,
2026-06-02T17:30:45.308093+00:00,200,4.25,True,
2026-06-02T17:30:46.313440+00:00,200,4.23,True,
2026-06-02T17:30:47.317924+00:00,200,4.15,True,
2026-06-02T17:30:48.322753+00:00,200,7.04,True,
2026-06-02T17:30:49.330710+00:00,200,5.69,True,
2026-06-02T17:30:50.337544+00:00,200,4.91,True,
2026-06-02T17:30:51.342817+00:00,200,8.81,True,
2026-06-02T17:30:52.351904+00:00,200,3.38,True,
2026-06-02T17:30:53.355559+00:00,200,5.4,True,
2026-06-02T17:30:54.361289+00:00,200,3.82,True,
2026-06-02T17:30:55.365381+00:00,200,3.11,True,
2026-06-02T17:30:56.368755+00:00,200,3.59,True,
2026-06-02T17:30:57.373940+00:00,200,4.55,True,
2026-06-02T17:30:58.379179+00:00,200,3.07,True,
2026-06-02T17:30:59.382651+00:00,200,3.75,True,
2026-06-02T17:31:00.386762+00:00,200,7.99,True,
2026-06-02T17:31:01.395136+00:00,200,8.41,True,
2026-06-02T17:31:02.405414+00:00,200,5.64,True,
2026-06-02T17:31:03.411319+00:00,200,3.7,True,
2026-06-02T17:31:04.415252+00:00,200,4.14,True,
2026-06-02T17:31:05.419664+00:00,200,7.84,True,
2026-06-02T17:31:06.427851+00:00,200,3.68,True,
2026-06-02T17:31:07.431870+00:00,200,3.35,True,
2026-06-02T17:31:08.436435+00:00,200,6.17,True,
2026-06-02T17:31:09.444878+00:00,200,7.45,True,
2026-06-02T17:31:10.452762+00:00,200,8.64,True,
2026-06-02T17:31:11.463201+00:00,200,7.52,True,
2026-06-02T17:31:12.471222+00:00,200,7.14,True,
2026-06-02T17:31:13.478688+00:00,200,5.83,True,
2026-06-02T17:31:14.485015+00:00,200,7.13,True,
2026-06-02T17:31:15.493035+00:00,200,5.94,True,
2026-06-02T17:31:16.500480+00:00,200,5.69,True,
2026-06-02T17:31:17.506512+00:00,200,5.89,True,
2026-06-02T17:31:18.513064+00:00,200,3.97,True,
2026-06-02T17:31:19.517554+00:00,200,3.41,True,
2026-06-02T17:31:20.521224+00:00,200,3.19,True,
2026-06-02T17:31:21.524690+00:00,200,7.19,True,
2026-06-02T17:31:22.532709+00:00,200,3.77,True,
2026-06-02T17:31:23.536695+00:00,200,3.59,True,
2026-06-02T17:31:24.540611+00:00,200,8.67,True,
2026-06-02T17:31:25.550159+00:00,200,9.21,True,
2026-06-02T17:31:26.559832+00:00,200,6.0,True,
2026-06-02T17:31:27.566189+00:00,200,8.53,True,
2026-06-02T17:31:28.575672+00:00,200,3.63,True,
2026-06-02T17:31:29.579883+00:00,200,6.36,True,
2026-06-02T17:31:30.586582+00:00,200,5.83,True,
2026-06-02T17:31:31.592897+00:00,200,6.46,True,
2026-06-02T17:31:32.599720+00:00,200,3.93,True,
2026-06-02T17:31:33.603942+00:00,200,6.58,True,
2026-06-02T17:31:34.610910+00:00,200,8.29,True,
2026-06-02T17:31:35.619575+00:00,200,7.02,True,
2026-06-02T17:31:36.627360+00:00,200,8.23,True,
2026-06-02T17:31:37.635999+00:00,200,8.29,True,
2026-06-02T17:31:38.645024+00:00,200,5.71,True,
2026-06-02T17:31:39.651140+00:00,200,10.12,True,
2026-06-02T17:31:40.661744+00:00,200,5.53,True,
2026-06-02T17:31:41.667665+00:00,200,9.7,True,
2026-06-02T17:31:42.678043+00:00,200,4.14,True,
2026-06-02T17:31:43.683460+00:00,200,8.03,True,
2026-06-02T17:31:44.691844+00:00,200,4.65,True,
2026-06-02T17:31:45.698138+00:00,200,4.19,True,
2026-06-02T17:31:46.702896+00:00,200,3.95,True,
2026-06-02T17:31:47.707216+00:00,200,7.78,True,
2026-06-02T17:31:48.715362+00:00,200,8.03,True,
2026-06-02T17:31:49.723810+00:00,200,6.18,True,
2026-06-02T17:31:50.730301+00:00,200,5.74,True,
2026-06-02T17:31:51.736350+00:00,200,9.14,True,
2026-06-02T17:31:52.745864+00:00,200,1.76,True,
2026-06-02T17:31:53.747944+00:00,200,7.19,True,
2026-06-02T17:31:54.755531+00:00,200,5.98,True,
2026-06-02T17:31:55.761941+00:00,200,7.82,True,
2026-06-02T17:31:56.770226+00:00,200,6.79,True,
2026-06-02T17:31:57.777662+00:00,200,8.01,True,
2026-06-02T17:31:58.786168+00:00,200,6.67,True,
2026-06-02T17:31:59.793158+00:00,200,7.02,True,
2026-06-02T17:32:00.800591+00:00,200,7.4,True,
2026-06-02T17:32:01.808357+00:00,200,8.5,True,
2026-06-02T17:32:02.817282+00:00,200,8.85,True,
2026-06-02T17:32:03.826509+00:00,200,6.45,True,
2026-06-02T17:32:04.833529+00:00,200,7.08,True,
2026-06-02T17:32:05.841067+00:00,200,3.62,True,
2026-06-02T17:32:06.845081+00:00,200,4.55,True,
2026-06-02T17:32:07.850092+00:00,200,7.23,True,
2026-06-02T17:32:08.857788+00:00,200,7.5,True,
2026-06-02T17:32:09.865653+00:00,200,7.82,True,
2026-06-02T17:32:10.874429+00:00,200,8.32,True,
2026-06-02T17:32:11.883197+00:00,200,9.21,True,
2026-06-02T17:32:12.893260+00:00,200,5.99,True,
2026-06-02T17:32:13.899945+00:00,200,5.81,True,
2026-06-02T17:32:14.906098+00:00,200,5.44,True,
2026-06-02T17:32:15.912511+00:00,200,3.89,True,
2026-06-02T17:32:16.916685+00:00,200,6.46,True,
2026-06-02T17:32:17.923422+00:00,200,8.39,True,
2026-06-02T17:32:18.932135+00:00,200,3.59,True,
2026-06-02T17:32:19.936066+00:00,200,6.8,True,
2026-06-02T17:32:20.943410+00:00,200,6.23,True,
2026-06-02T17:32:21.950512+00:00,200,6.15,True,
2026-06-02T17:32:22.958418+00:00,200,8.93,True,
2026-06-02T17:32:23.967616+00:00,200,2.61,True,
2026-06-02T17:32:24.970459+00:00,200,6.09,True,
2026-06-02T17:32:25.977182+00:00,200,4.08,True,
2026-06-02T17:32:26.981459+00:00,200,4.32,True,
2026-06-02T17:32:27.986255+00:00,200,4.24,True,
2026-06-02T17:32:28.990839+00:00,200,3.97,True,
2026-06-02T17:32:29.995305+00:00,200,6.67,True,
2026-06-02T17:32:31.002483+00:00,200,7.56,True,
2026-06-02T17:32:32.010890+00:00,200,6.09,True,
2026-06-02T17:32:33.017179+00:00,200,5.06,True,
2026-06-02T17:32:34.022529+00:00,200,3.2,True,
2026-06-02T17:32:35.025951+00:00,200,7.1,True,
2026-06-02T17:32:36.033645+00:00,200,7.6,True,
2026-06-02T17:32:37.041606+00:00,200,6.85,True,
2026-06-02T17:32:38.049541+00:00,200,7.92,True,
2026-06-02T17:32:39.057815+00:00,200,3.66,True,
2026-06-02T17:32:40.061753+00:00,200,4.01,True,
2026-06-02T17:32:41.066474+00:00,200,3.54,True,
2026-06-02T17:32:42.070293+00:00,200,5.43,True,
2026-06-02T17:32:43.076111+00:00,200,8.6,True,
2026-06-02T17:32:44.085257+00:00,200,7.83,True,
2026-06-02T17:32:45.093403+00:00,200,7.33,True,
2026-06-02T17:32:46.101388+00:00,200,3.47,True,
2026-06-02T17:32:47.105546+00:00,200,7.75,True,
2026-06-02T17:32:48.113710+00:00,200,4.57,True,
2026-06-02T17:32:49.118662+00:00,200,6.22,True,
2026-06-02T17:32:50.125994+00:00,200,4.1,True,
2026-06-02T17:32:51.131404+00:00,200,7.12,True,
2026-06-02T17:32:52.138896+00:00,200,5.44,True,
2026-06-02T17:32:53.144653+00:00,200,8.79,True,
2026-06-02T17:32:54.153738+00:00,200,3.84,True,
2026-06-02T17:32:55.158488+00:00,200,4.39,True,
2026-06-02T17:32:56.164511+00:00,200,3.27,True,
2026-06-02T17:32:57.168270+00:00,200,3.58,True,
2026-06-02T17:32:58.172481+00:00,200,6.14,True,
2026-06-02T17:32:59.179054+00:00,200,6.73,True,
2026-06-02T17:33:00.186228+00:00,200,3.47,True,
2026-06-02T17:33:01.189900+00:00,200,4.29,True,
2026-06-02T17:33:02.194524+00:00,200,6.1,True,
2026-06-02T17:33:03.201292+00:00,200,4.33,True,
2026-06-02T17:33:04.206530+00:00,200,6.28,True,
2026-06-02T17:33:05.214025+00:00,200,3.86,True,
2026-06-02T17:33:06.218185+00:00,200,10.18,True,
2026-06-02T17:33:07.228785+00:00,200,6.86,True,
2026-06-02T17:33:08.236171+00:00,200,9.54,True,
2026-06-02T17:33:09.246917+00:00,200,3.92,True,
2026-06-02T17:33:10.251081+00:00,200,6.11,True,
2026-06-02T17:33:11.257539+00:00,200,6.11,True,
2026-06-02T17:33:12.264155+00:00,200,6.93,True,
2026-06-02T17:33:13.271609+00:00,200,2.95,True,
2026-06-02T17:33:14.275021+00:00,200,7.38,True,
2026-06-02T17:33:15.283578+00:00,200,6.33,True,
2026-06-02T17:33:16.290144+00:00,200,8.39,True,
2026-06-02T17:33:17.299040+00:00,200,9.64,True,
2026-06-02T17:33:18.309211+00:00,200,9.31,True,
2026-06-02T17:33:19.319024+00:00,200,3.98,True,
2026-06-02T17:33:20.323257+00:00,200,3.49,True,
2026-06-02T17:33:21.328861+00:00,200,7.08,True,
2026-06-02T17:33:22.336308+00:00,200,5.9,True,
2026-06-02T17:33:23.344518+00:00,200,6.53,True,
2026-06-02T17:33:24.351319+00:00,200,2.58,True,
2026-06-02T17:33:25.354142+00:00,200,6.35,True,
2026-06-02T17:33:26.360805+00:00,200,6.01,True,
2026-06-02T17:33:27.367203+00:00,200,7.16,True,
2026-06-02T17:33:28.375006+00:00,200,2.86,True,
2026-06-02T17:33:29.378316+00:00,200,7.3,True,
2026-06-02T17:33:30.386168+00:00,200,6.27,True,
2026-06-02T17:33:31.393068+00:00,200,3.27,True,
2026-06-02T17:33:32.396623+00:00,200,6.79,True,
2026-06-02T17:33:33.403905+00:00,200,3.85,True,
2026-06-02T17:33:34.408593+00:00,200,7.79,True,
2026-06-02T17:33:35.416802+00:00,200,4.27,True,
2026-06-02T17:33:36.421358+00:00,200,3.9,True,
2026-06-02T17:33:37.425778+00:00,200,4.12,True,
2026-06-02T17:33:38.430150+00:00,200,3.6,True,
2026-06-02T17:33:39.434025+00:00,200,7.65,True,
2026-06-02T17:33:40.442201+00:00,200,8.78,True,
2026-06-02T17:33:41.451247+00:00,200,6.55,True,
2026-06-02T17:33:42.459033+00:00,200,6.11,True,
2026-06-02T17:33:43.465449+00:00,200,4.07,True,
2026-06-02T17:33:44.469805+00:00,200,6.27,True,
2026-06-02T17:33:45.476378+00:00,200,4.17,True,
2026-06-02T17:33:46.480821+00:00,200,5.74,True,
2026-06-02T17:33:47.486811+00:00,200,2.76,True,
2026-06-02T17:33:48.489900+00:00,200,3.16,True,
2026-06-02T17:33:49.493287+00:00,200,5.75,True,
2026-06-02T17:33:50.499300+00:00,200,3.86,True,
2026-06-02T17:33:51.503423+00:00,200,6.84,True,
2026-06-02T17:33:52.511669+00:00,200,5.34,True,
2026-06-02T17:33:53.517268+00:00,200,2.71,True,
2026-06-02T17:33:54.520182+00:00,200,4.5,True,
2026-06-02T17:33:55.524987+00:00,200,3.29,True,
2026-06-02T17:33:56.529360+00:00,200,9.2,True,
2026-06-02T17:33:57.538956+00:00,200,7.7,True,
2026-06-02T17:33:58.547116+00:00,200,3.55,True,
2026-06-02T17:33:59.551659+00:00,200,6.71,True,
2026-06-02T17:34:00.558837+00:00,200,6.36,True,
2026-06-02T17:34:01.566115+00:00,200,9.04,True,
2026-06-02T17:34:02.575507+00:00,200,6.48,True,
2026-06-02T17:34:03.582238+00:00,200,3.61,True,
2026-06-02T17:34:04.586157+00:00,200,5.9,True,
2026-06-02T17:34:05.592375+00:00,200,3.97,True,
2026-06-02T17:34:06.596689+00:00,200,8.28,True,
2026-06-02T17:34:07.605744+00:00,200,9.37,True,
2026-06-02T17:34:08.615467+00:00,200,6.15,True,
2026-06-02T17:34:09.622383+00:00,200,9.74,True,
2026-06-02T17:34:10.633328+00:00,200,7.01,True,
2026-06-02T17:34:11.640988+00:00,200,4.23,True,
2026-06-02T17:34:12.645506+00:00,200,9.22,True,
2026-06-02T17:34:13.655088+00:00,200,6.42,True,
2026-06-02T17:34:14.662463+00:00,200,10.16,True,
2026-06-02T17:34:15.672935+00:00,200,7.45,True,
2026-06-02T17:34:16.680753+00:00,200,4.55,True,
2026-06-02T17:34:17.685602+00:00,200,8.13,True,
2026-06-02T17:34:18.694074+00:00,200,5.81,True,
2026-06-02T17:34:19.700212+00:00,200,4.04,True,
2026-06-02T17:34:20.704559+00:00,200,4.1,True,
2026-06-02T17:34:21.709469+00:00,200,4.15,True,
2026-06-02T17:34:22.714500+00:00,200,6.48,True,
2026-06-02T17:34:23.721326+00:00,200,6.73,True,
2026-06-02T17:34:24.728376+00:00,200,7.62,True,
2026-06-02T17:34:25.736934+00:00,200,4.18,True,
2026-06-02T17:34:26.742439+00:00,200,6.26,True,
2026-06-02T17:34:27.749071+00:00,200,8.14,True,
2026-06-02T17:34:28.757761+00:00,200,7.91,True,
2026-06-02T17:34:29.765909+00:00,200,3.87,True,
2026-06-02T17:34:30.770065+00:00,200,7.09,True,
2026-06-02T17:34:31.777815+00:00,200,4.38,True,
2026-06-02T17:34:32.782503+00:00,200,8.01,True,
2026-06-02T17:34:33.790931+00:00,200,9.75,True,
2026-06-02T17:34:34.801158+00:00,200,6.18,True,
2026-06-02T17:34:35.807721+00:00,200,9.09,True,
2026-06-02T17:34:36.817305+00:00,200,6.36,True,
2026-06-02T17:34:37.824102+00:00,200,4.35,True,
2026-06-02T17:34:38.829172+00:00,200,10.53,True,
2026-06-02T17:34:39.840289+00:00,200,7.72,True,
2026-06-02T17:34:40.848331+00:00,200,5.41,True,
2026-06-02T17:34:41.854239+00:00,200,4.85,True,
2026-06-02T17:34:42.859410+00:00,200,6.93,True,
2026-06-02T17:34:43.866622+00:00,200,7.08,True,
2026-06-02T17:34:44.874062+00:00,200,7.07,True,
2026-06-02T17:34:45.882513+00:00,200,8.27,True,
2026-06-02T17:34:46.891088+00:00,200,6.04,True,
2026-06-02T17:34:47.897388+00:00,200,3.34,True,
2026-06-02T17:34:48.901405+00:00,200,3.88,True,
2026-06-02T17:34:49.905532+00:00,200,2.06,True,
2026-06-02T17:34:50.908005+00:00,200,9.73,True,
2026-06-02T17:34:51.918053+00:00,200,6.88,True,
2026-06-02T17:34:52.925263+00:00,200,3.77,True,
2026-06-02T17:34:53.929516+00:00,200,4.93,True,
2026-06-02T17:34:54.934744+00:00,200,7.73,True,
2026-06-02T17:34:55.942852+00:00,200,4.05,True,
2026-06-02T17:34:56.947236+00:00,200,6.65,True,
2026-06-02T17:34:57.954200+00:00,200,6.31,True,
2026-06-02T17:34:58.960937+00:00,200,6.82,True,
2026-06-02T17:34:59.968107+00:00,200,3.75,True,
2026-06-02T17:35:00.972202+00:00,200,3.62,True,
2026-06-02T17:35:01.976886+00:00,200,7.01,True,
2026-06-02T17:35:02.985428+00:00,200,4.0,True,
2026-06-02T17:35:03.989710+00:00,200,6.58,True,
2026-06-02T17:35:04.996730+00:00,200,4.94,True,
2026-06-02T17:35:06.003173+00:00,200,7.3,True,
2026-06-02T17:35:07.010859+00:00,200,9.18,True,
2026-06-02T17:35:08.020560+00:00,200,3.79,True,
2026-06-02T17:35:09.024608+00:00,200,3.82,True,
2026-06-02T17:35:10.029065+00:00,200,4.9,True,
2026-06-02T17:35:11.034194+00:00,200,7.66,True,
2026-06-02T17:35:12.042101+00:00,200,7.15,True,
2026-06-02T17:35:13.049946+00:00,200,6.45,True,
2026-06-02T17:35:14.056737+00:00,200,4.59,True,
2026-06-02T17:35:15.062002+00:00,200,5.69,True,
2026-06-02T17:35:16.068006+00:00,200,3.97,True,
2026-06-02T17:35:17.072226+00:00,200,3.59,True,
2026-06-02T17:35:18.076239+00:00,200,4.18,True,
2026-06-02T17:35:19.080818+00:00,200,3.76,True,
2026-06-02T17:35:20.084838+00:00,200,6.67,True,
2026-06-02T17:35:21.091823+00:00,200,7.17,True,
2026-06-02T17:35:22.099246+00:00,200,3.65,True,
2026-06-02T17:35:23.103181+00:00,200,7.04,True,
2026-06-02T17:35:24.110485+00:00,200,3.15,True,
2026-06-02T17:35:25.113891+00:00,200,6.23,True,
2026-06-02T17:35:26.120453+00:00,200,8.36,True,
2026-06-02T17:35:27.129135+00:00,200,2009.49,True,
2026-06-02T17:35:30.139095+00:00,200,2011.19,True,
2026-06-02T17:35:33.150767+00:00,200,2009.7,True,
2026-06-02T17:35:36.161075+00:00,200,2009.51,True,
2026-06-02T17:35:39.171006+00:00,200,2008.2,True,
2026-06-02T17:35:42.179675+00:00,200,2006.95,True,
2026-06-02T17:35:45.187035+00:00,200,2007.67,True,
2026-06-02T17:35:48.195039+00:00,200,2012.47,True,
2026-06-02T17:35:51.208032+00:00,200,2006.05,True,
2026-06-02T17:35:54.214443+00:00,200,2008.54,True,
2026-06-02T17:35:57.223356+00:00,200,2008.26,True,
2026-06-02T17:36:00.232635+00:00,200,2011.93,True,
2026-06-02T17:36:03.245017+00:00,200,2009.29,True,
2026-06-02T17:36:06.254751+00:00,200,2010.87,True,
2026-06-02T17:36:09.266060+00:00,200,2011.53,True,
2026-06-02T17:36:12.278069+00:00,200,2009.79,True,
2026-06-02T17:36:15.288366+00:00,200,2010.45,True,
2026-06-02T17:36:18.299204+00:00,200,2010.97,True,
2026-06-02T17:36:21.310528+00:00,200,2007.26,True,
2026-06-02T17:36:24.318065+00:00,200,2010.63,True,
2026-06-02T17:36:27.329553+00:00,200,2005.66,True,
2026-06-02T17:36:30.335755+00:00,200,2007.5,True,
2026-06-02T17:36:33.343695+00:00,200,2011.59,True,
2026-06-02T17:36:36.355601+00:00,200,2007.56,True,
2026-06-02T17:36:39.364092+00:00,200,2009.53,True,
2026-06-02T17:36:42.374677+00:00,200,2007.34,True,
2026-06-02T17:36:45.382330+00:00,200,2009.74,True,
2026-06-02T17:36:48.392898+00:00,200,2005.56,True,
2026-06-02T17:36:51.398866+00:00,200,2007.58,True,
2026-06-02T17:36:54.407344+00:00,200,2006.33,True,
2026-06-02T17:36:57.413956+00:00,200,2008.73,True,
2026-06-02T17:37:00.423134+00:00,200,2007.03,True,
2026-06-02T17:37:03.430711+00:00,200,2007.02,True,
2026-06-02T17:37:06.440030+00:00,200,2010.65,True,
2026-06-02T17:37:09.451131+00:00,200,2009.92,True,
2026-06-02T17:37:12.462485+00:00,200,2009.28,True,
2026-06-02T17:37:15.472326+00:00,200,2009.42,True,
2026-06-02T17:37:18.482530+00:00,200,2011.97,True,
2026-06-02T17:37:21.495439+00:00,200,2007.71,True,
2026-06-02T17:37:24.503474+00:00,200,2009.24,True,
2026-06-02T17:37:27.513165+00:00,200,2009.3,True,
2026-06-02T17:37:30.522773+00:00,200,2011.72,True,
2026-06-02T17:37:33.534868+00:00,200,2008.82,True,
2026-06-02T17:37:36.544354+00:00,200,2009.87,True,
2026-06-02T17:37:39.556581+00:00,200,2007.58,True,
2026-06-02T17:37:42.564837+00:00,200,2009.44,True,
2026-06-02T17:37:45.574800+00:00,200,2009.61,True,
2026-06-02T17:37:48.584767+00:00,200,2009.03,True,
2026-06-02T17:37:51.594205+00:00,200,2010.07,True,
2026-06-02T17:37:54.604709+00:00,200,2010.47,True,
2026-06-02T17:37:57.615561+00:00,200,2009.18,True,
2026-06-02T17:38:00.625430+00:00,200,2015.14,True,
2026-06-02T17:38:03.641011+00:00,200,2009.75,True,
2026-06-02T17:38:06.651103+00:00,200,2009.17,True,
2026-06-02T17:38:09.660669+00:00,200,2008.3,True,
2026-06-02T17:38:12.669297+00:00,200,2009.75,True,
2026-06-02T17:38:15.679323+00:00,200,2008.89,True,
2026-06-02T17:38:18.688502+00:00,200,2012.05,True,
2026-06-02T17:38:21.701154+00:00,200,2007.73,True,
2026-06-02T17:38:24.710864+00:00,200,2008.13,True,
2026-06-02T17:38:27.719392+00:00,200,2005.8,True,
2026-06-02T17:38:30.725538+00:00,200,2011.91,True,
2026-06-02T17:38:33.739450+00:00,200,2010.92,True,
2026-06-02T17:38:36.750678+00:00,200,2008.54,True,
2026-06-02T17:38:39.759507+00:00,200,2008.53,True,
2026-06-02T17:38:42.768369+00:00,200,2008.97,True,
2026-06-02T17:38:45.778114+00:00,200,2009.47,True,
2026-06-02T17:38:48.788036+00:00,200,2006.72,True,
2026-06-02T17:38:51.795171+00:00,200,2011.88,True,
2026-06-02T17:38:54.807400+00:00,200,2006.57,True,
2026-06-02T17:38:57.814778+00:00,200,2008.4,True,
2026-06-02T17:39:00.824334+00:00,200,2005.65,True,
2026-06-02T17:39:03.830760+00:00,200,2008.11,True,
2026-06-02T17:39:06.839425+00:00,200,2011.3,True,
2026-06-02T17:39:09.851280+00:00,200,2007.9,True,
2026-06-02T17:39:12.859520+00:00,200,2010.24,True,
2026-06-02T17:39:15.870194+00:00,200,2007.28,True,
2026-06-02T17:39:18.877872+00:00,200,2006.62,True,
2026-06-02T17:39:21.884955+00:00,200,2007.16,True,
2026-06-02T17:39:24.892511+00:00,200,2009.95,True,
2026-06-02T17:39:27.902880+00:00,200,2011.28,True,
2026-06-02T17:39:30.914582+00:00,200,2007.62,True,
2026-06-02T17:39:33.922666+00:00,200,2007.21,True,
2026-06-02T17:39:36.930544+00:00,200,2007.39,True,
2026-06-02T17:39:39.938105+00:00,200,2007.62,True,
2026-06-02T17:39:42.947168+00:00,200,2006.14,True,
2026-06-02T17:39:45.953656+00:00,200,2006.84,True,
2026-06-02T17:39:48.961610+00:00,200,2005.04,True,
2026-06-02T17:39:51.967922+00:00,200,2006.8,True,
2026-06-02T17:39:54.975164+00:00,200,2009.54,True,
2026-06-02T17:39:57.985248+00:00,200,2008.15,True,
2026-06-02T17:40:00.993822+00:00,200,2008.0,True,
2026-06-02T17:40:04.002144+00:00,200,2007.25,True,
2026-06-02T17:40:07.010014+00:00,200,2009.51,True,
2026-06-02T17:40:10.019853+00:00,200,2010.6,True,
2026-06-02T17:40:13.030737+00:00,200,2008.0,True,
2026-06-02T17:40:16.039137+00:00,200,2009.68,True,
2026-06-02T17:40:19.049312+00:00,200,2010.74,True,
2026-06-02T17:40:22.060419+00:00,200,2010.46,True,
2026-06-02T17:40:25.071156+00:00,200,2009.19,True,
2026-06-02T17:40:28.082035+00:00,200,2007.69,True,
2026-06-02T17:40:31.090058+00:00,200,2011.03,True,
2026-06-02T17:40:34.101417+00:00,200,2008.3,True,
2026-06-02T17:40:37.110027+00:00,200,2006.53,True,
2026-06-02T17:40:40.116936+00:00,200,2008.19,True,
2026-06-02T17:40:43.125466+00:00,200,2009.56,True,
2026-06-02T17:40:46.135390+00:00,200,2008.05,True,
2026-06-02T17:40:49.143831+00:00,200,2008.61,True,
2026-06-02T17:40:52.152862+00:00,200,2012.84,True,
2026-06-02T17:40:55.166007+00:00,200,2006.96,True,
2026-06-02T17:40:58.173490+00:00,200,2008.6,True,
2026-06-02T17:41:01.182914+00:00,200,2007.27,True,
2026-06-02T17:41:04.190581+00:00,200,2010.2,True,
2026-06-02T17:41:07.201200+00:00,200,2011.78,True,
2026-06-02T17:41:10.213459+00:00,200,2008.22,True,
2026-06-02T17:41:13.222036+00:00,200,2007.16,True,
2026-06-02T17:41:16.229535+00:00,200,2009.15,True,
2026-06-02T17:41:19.239925+00:00,200,2006.11,True,
2026-06-02T17:41:22.246280+00:00,200,2008.1,True,
2026-06-02T17:41:25.254747+00:00,200,2008.58,True,
2026-06-02T17:41:28.263752+00:00,200,2007.37,True,
2026-06-02T17:41:31.271397+00:00,200,2005.95,True,
2026-06-02T17:41:34.278070+00:00,200,2008.79,True,
2026-06-02T17:41:37.288857+00:00,200,2004.57,True,
2026-06-02T17:41:40.293779+00:00,200,2008.5,True,
2026-06-02T17:41:43.302635+00:00,200,2009.22,True,
2026-06-02T17:41:46.313133+00:00,200,2008.7,True,
2026-06-02T17:41:49.322335+00:00,200,2008.41,True,
2026-06-02T17:41:52.332427+00:00,200,2009.95,True,
2026-06-02T17:41:55.342681+00:00,200,2011.49,True,
2026-06-02T17:41:58.354479+00:00,200,2009.19,True,
2026-06-02T17:42:01.364883+00:00,200,2011.94,True,
2026-06-02T17:42:04.377250+00:00,200,2008.12,True,
2026-06-02T17:42:07.385684+00:00,200,2011.89,True,
2026-06-02T17:42:10.398013+00:00,200,2009.18,True,
2026-06-02T17:42:13.407495+00:00,200,2007.6,True,
2026-06-02T17:42:16.415558+00:00,200,2006.68,True,
2026-06-02T17:42:19.422584+00:00,200,2009.76,True,
2026-06-02T17:42:22.434057+00:00,200,2012.37,True,
2026-06-02T17:42:25.447059+00:00,200,2012.01,True,
2026-06-02T17:42:28.459486+00:00,200,2006.02,True,
2026-06-02T17:42:31.466541+00:00,200,2009.77,True,
2026-06-02T17:42:34.478007+00:00,200,2009.1,True,
2026-06-02T17:42:37.487449+00:00,200,2007.65,True,
2026-06-02T17:42:40.495996+00:00,200,2009.77,True,
2026-06-02T17:42:43.506045+00:00,200,2008.34,True,
2026-06-02T17:42:46.514779+00:00,200,2009.76,True,
2026-06-02T17:42:49.524893+00:00,200,2008.99,True,
2026-06-02T17:42:52.534303+00:00,200,2009.01,True,
2026-06-02T17:42:55.544700+00:00,200,2010.34,True,
2026-06-02T17:42:58.555433+00:00,200,2008.44,True,
2026-06-02T17:43:01.565496+00:00,200,2010.62,True,
2026-06-02T17:43:04.576410+00:00,200,2006.7,True,
2026-06-02T17:43:07.583448+00:00,200,2008.27,True,
2026-06-02T17:43:10.591992+00:00,200,2009.87,True,
2026-06-02T17:43:13.602861+00:00,200,2010.0,True,
2026-06-02T17:43:16.613806+00:00,200,2009.63,True,
2026-06-02T17:43:19.624098+00:00,200,2012.24,True,
2026-06-02T17:43:22.637046+00:00,200,2012.41,True,
2026-06-02T17:43:25.649872+00:00,200,2013.74,True,
2026-06-02T17:43:28.664112+00:00,200,2009.59,True,
2026-06-02T17:43:31.674297+00:00,200,2010.09,True,
2026-06-02T17:43:34.685028+00:00,200,2010.73,True,
2026-06-02T17:43:37.697356+00:00,200,2010.26,True,
2026-06-02T17:43:40.708130+00:00,200,2010.98,True,
2026-06-02T17:43:43.719634+00:00,200,2009.97,True,
2026-06-02T17:43:46.730080+00:00,200,2007.19,True,
2026-06-02T17:43:49.737647+00:00,200,2010.25,True,
2026-06-02T17:43:52.748232+00:00,200,2007.89,True,
2026-06-02T17:43:55.756504+00:00,200,2010.62,True,
2026-06-02T17:43:58.767446+00:00,200,2008.15,True,
2026-06-02T17:44:01.776093+00:00,200,2009.36,True,
2026-06-02T17:44:04.785776+00:00,200,2008.9,True,
2026-06-02T17:44:07.795041+00:00,200,2012.26,True,
2026-06-02T17:44:10.807788+00:00,200,2008.96,True,
2026-06-02T17:44:13.817117+00:00,200,2008.8,True,
2026-06-02T17:44:16.826324+00:00,200,2008.23,True,
2026-06-02T17:44:19.834858+00:00,200,2006.97,True,
2026-06-02T17:44:22.842347+00:00,200,2008.4,True,
2026-06-02T17:44:25.851122+00:00,200,2010.73,True,
2026-06-02T17:44:28.862183+00:00,200,2008.99,True,
2026-06-02T17:44:31.871548+00:00,200,2009.5,True,
2026-06-02T17:44:34.881455+00:00,200,2009.25,True,
2026-06-02T17:44:37.891221+00:00,200,2010.07,True,
2026-06-02T17:44:40.901720+00:00,200,2006.76,True,
2026-06-02T17:44:43.908782+00:00,200,2007.83,True,
2026-06-02T17:44:46.917072+00:00,200,2009.45,True,
2026-06-02T17:44:49.926907+00:00,200,2011.39,True,
2026-06-02T17:44:52.938687+00:00,200,2008.13,True,
2026-06-02T17:44:55.947180+00:00,200,2007.31,True,
2026-06-02T17:44:58.955195+00:00,200,2010.49,True,
2026-06-02T17:45:01.966478+00:00,200,2010.1,True,
2026-06-02T17:45:04.977253+00:00,200,2009.31,True,
2026-06-02T17:45:07.986799+00:00,200,2005.35,True,
2026-06-02T17:45:10.993461+00:00,200,2009.29,True,
2026-06-02T17:45:14.003540+00:00,200,2010.12,True,
2026-06-02T17:45:17.014138+00:00,200,2010.28,True,
2026-06-02T17:45:20.024715+00:00,200,2007.65,True,
2026-06-02T17:45:23.032673+00:00,200,2008.02,True,
2026-06-02T17:45:26.041213+00:00,200,2007.44,True,
2026-06-02T17:45:29.049955+00:00,200,2007.82,True,
2026-06-02T17:45:32.058069+00:00,200,2008.32,True,
2026-06-02T17:45:35.066744+00:00,200,2005.06,True,
2026-06-02T17:45:38.072236+00:00,200,2007.9,True,
2026-06-02T17:45:41.080874+00:00,200,2007.47,True,
2026-06-02T17:45:44.088691+00:00,200,2006.3,True,
2026-06-02T17:45:47.095191+00:00,200,2003.42,True,
2026-06-02T17:45:50.099052+00:00,200,2007.76,True,
2026-06-02T17:45:53.107151+00:00,200,2007.1,True,
2026-06-02T17:45:56.114597+00:00,200,2008.42,True,
2026-06-02T17:45:59.123499+00:00,200,2008.36,True,
2026-06-02T17:46:02.132308+00:00,200,2009.84,True,
2026-06-02T17:46:05.142502+00:00,200,2006.47,True,
2026-06-02T17:46:08.150509+00:00,200,2006.78,True,
2026-06-02T17:46:11.157769+00:00,200,2006.89,True,
2026-06-02T17:46:14.165001+00:00,200,2008.39,True,
2026-06-02T17:46:17.173799+00:00,200,2005.4,True,
2026-06-02T17:46:20.179694+00:00,200,2005.84,True,
2026-06-02T17:46:23.186099+00:00,200,2007.63,True,
2026-06-02T17:46:26.194050+00:00,200,2006.07,True,
2026-06-02T17:46:29.200549+00:00,200,2007.11,True,
2026-06-02T17:46:32.208277+00:00,200,2005.04,True,
2026-06-02T17:46:35.213570+00:00,200,2007.17,True,
2026-06-02T17:46:38.221040+00:00,200,2005.53,True,
2026-06-02T17:46:41.226878+00:00,200,2006.48,True,
2026-06-02T17:46:44.233787+00:00,200,2007.94,True,
2026-06-02T17:46:47.242294+00:00,200,2006.03,True,
2026-06-02T17:46:50.249374+00:00,200,2007.27,True,
2026-06-02T17:46:53.257000+00:00,200,2007.72,True,
2026-06-02T17:46:56.265100+00:00,200,2011.85,True,
2026-06-02T17:46:59.277244+00:00,200,2006.01,True,
2026-06-02T17:47:02.283485+00:00,200,2006.68,True,
2026-06-02T17:47:05.290890+00:00,200,2006.91,True,
2026-06-02T17:47:08.298146+00:00,200,2004.98,True,
2026-06-02T17:47:11.303418+00:00,200,2003.63,True,
2026-06-02T17:47:14.307317+00:00,200,2006.4,True,
2026-06-02T17:47:17.314797+00:00,200,2007.06,True,
2026-06-02T17:47:20.322113+00:00,200,2004.5,True,
2026-06-02T17:47:23.327764+00:00,200,2006.4,True,
2026-06-02T17:47:26.334650+00:00,200,2005.06,True,
2026-06-02T17:47:29.340953+00:00,200,2004.6,True,
2026-06-02T17:47:32.346309+00:00,200,2006.14,True,
2026-06-02T17:47:35.352715+00:00,200,2005.18,True,
2026-06-02T17:47:38.358198+00:00,200,2006.69,True,
2026-06-02T17:47:41.365240+00:00,200,2005.5,True,
2026-06-02T17:47:44.371015+00:00,200,2007.55,True,
2026-06-02T17:47:47.378996+00:00,200,2007.89,True,
2026-06-02T17:47:50.387093+00:00,200,2005.67,True,
2026-06-02T17:47:53.393130+00:00,200,2004.52,True,
2026-06-02T17:47:56.397953+00:00,200,2005.88,True,
2026-06-02T17:47:59.404150+00:00,200,2007.44,True,
2026-06-02T17:48:02.411810+00:00,200,2005.29,True,
2026-06-02T17:48:05.417401+00:00,200,2008.63,True,
2026-06-02T17:48:08.426367+00:00,200,2007.45,True,
2026-06-02T17:48:11.434208+00:00,200,2009.65,True,
2026-06-02T17:48:14.444485+00:00,200,2008.83,True,
2026-06-02T17:48:17.454532+00:00,200,2008.15,True,
2026-06-02T17:48:20.463058+00:00,200,2008.66,True,
2026-06-02T17:48:23.472182+00:00,200,2006.82,True,
2026-06-02T17:48:26.479360+00:00,200,2006.59,True,
2026-06-02T17:48:29.486223+00:00,200,2008.44,True,
2026-06-02T17:48:32.495071+00:00,200,2008.69,True,
2026-06-02T17:48:35.504110+00:00,200,2010.11,True,
2026-06-02T17:48:38.514563+00:00,200,2007.91,True,
2026-06-02T17:48:41.522808+00:00,200,2009.38,True,
2026-06-02T17:48:44.532527+00:00,200,2006.13,True,
2026-06-02T17:48:47.538877+00:00,200,2006.95,True,
2026-06-02T17:48:50.546073+00:00,200,2006.51,True,
2026-06-02T17:48:53.552988+00:00,200,2005.54,True,
2026-06-02T17:48:56.558928+00:00,200,2011.88,True,
2026-06-02T17:48:59.571240+00:00,200,2005.52,True,
2026-06-02T17:49:02.577050+00:00,200,2007.32,True,
2026-06-02T17:49:05.584727+00:00,200,2009.39,True,
2026-06-02T17:49:08.594500+00:00,200,2010.85,True,
2026-06-02T17:49:11.605698+00:00,200,2008.56,True,
2026-06-02T17:49:14.614547+00:00,200,2006.66,True,
2026-06-02T17:49:17.621667+00:00,200,2006.92,True,
2026-06-02T17:49:20.628911+00:00,200,2008.97,True,
2026-06-02T17:49:23.638233+00:00,200,2007.54,True,
2026-06-02T17:49:26.646277+00:00,200,2008.89,True,
2026-06-02T17:49:29.655545+00:00,200,2007.66,True,
2026-06-02T17:49:32.663635+00:00,200,2004.78,True,
2026-06-02T17:49:35.668920+00:00,200,2007.1,True,
2026-06-02T17:49:38.676398+00:00,200,2007.65,True,
2026-06-02T17:49:41.684475+00:00,200,2012.02,True,
2026-06-02T17:49:44.697250+00:00,200,2009.11,True,
2026-06-02T17:49:47.706660+00:00,200,2006.89,True,
2026-06-02T17:49:50.714200+00:00,200,2006.04,True,
2026-06-02T17:49:53.720929+00:00,200,2007.33,True,
2026-06-02T17:49:56.728735+00:00,200,2011.14,True,
2026-06-02T17:49:59.740536+00:00,200,2007.05,True,
2026-06-02T17:50:02.748145+00:00,200,2009.83,True,
2026-06-02T17:50:05.758581+00:00,200,2008.17,True,
2026-06-02T17:50:08.767073+00:00,200,2008.35,True,
2026-06-02T17:50:11.775779+00:00,200,2008.64,True,
2026-06-02T17:50:14.784875+00:00,200,2010.79,True,
2026-06-02T17:50:17.796098+00:00,200,2007.8,True,
2026-06-02T17:50:20.804209+00:00,200,2006.1,True,
2026-06-02T17:50:23.810618+00:00,200,2008.47,True,
2026-06-02T17:50:26.819400+00:00,200,2005.78,True,
2026-06-02T17:50:29.825919+00:00,200,2007.2,True,
2026-06-02T17:50:32.833422+00:00,200,2004.99,True,
2026-06-02T17:50:35.839670+00:00,200,2009.64,True,
2026-06-02T17:50:38.849736+00:00,200,2009.16,True,
2026-06-02T17:50:41.859265+00:00,200,2009.84,True,
2026-06-02T17:50:44.869368+00:00,200,2006.91,True,
2026-06-02T17:50:47.876564+00:00,200,2008.53,True,
2026-06-02T17:50:50.885394+00:00,200,2008.01,True,
2026-06-02T17:50:53.893650+00:00,200,2006.38,True,
2026-06-02T17:50:56.900392+00:00,200,2004.5,True,
2026-06-02T17:50:59.905171+00:00,200,2008.81,True,
2026-06-02T17:51:02.914288+00:00,200,2006.05,True,
2026-06-02T17:51:05.920667+00:00,200,2008.17,True,
2026-06-02T17:51:08.929152+00:00,200,2008.33,True,
2026-06-02T17:51:11.937808+00:00,200,2008.38,True,
2026-06-02T17:51:14.947484+00:00,200,2006.93,True,
2026-06-02T17:51:17.954773+00:00,200,2010.2,True,
2026-06-02T17:51:20.965494+00:00,200,2012.3,True,
2026-06-02T17:51:23.978047+00:00,200,2007.61,True,
2026-06-02T17:51:26.986740+00:00,200,2008.05,True,
2026-06-02T17:51:29.995386+00:00,200,2011.48,True,
2026-06-02T17:51:33.007873+00:00,200,2005.27,True,
2026-06-02T17:51:36.014030+00:00,200,2007.12,True,
2026-06-02T17:51:39.021459+00:00,200,2007.14,True,
2026-06-02T17:51:42.029074+00:00,200,2012.78,True,
2026-06-02T17:51:45.042874+00:00,200,2006.92,True,
2026-06-02T17:51:48.050806+00:00,200,2006.22,True,
2026-06-02T17:51:51.057589+00:00,200,2006.16,True,
2026-06-02T17:51:54.064142+00:00,200,2006.37,True,
2026-06-02T17:51:57.070873+00:00,200,2007.78,True,
2026-06-02T17:52:00.079317+00:00,200,2009.24,True,
2026-06-02T17:52:03.089037+00:00,200,2010.81,True,
2026-06-02T17:52:06.100332+00:00,200,2004.83,True,
2026-06-02T17:52:09.106672+00:00,200,2008.6,True,
2026-06-02T17:52:12.115609+00:00,200,2007.42,True,
2026-06-02T17:52:15.123290+00:00,200,2006.71,True,
2026-06-02T17:52:18.130273+00:00,200,2010.02,True,
2026-06-02T17:52:21.140555+00:00,200,2007.86,True,
2026-06-02T17:52:24.148842+00:00,200,2006.5,True,
2026-06-02T17:52:27.155657+00:00,200,2007.67,True,
2026-06-02T17:52:30.165224+00:00,200,2006.77,True,
2026-06-02T17:52:33.172390+00:00,200,2007.78,True,
2026-06-02T17:52:36.180975+00:00,200,2008.86,True,
2026-06-02T17:52:39.190063+00:00,200,2007.81,True,
2026-06-02T17:52:42.198455+00:00,200,2009.8,True,
2026-06-02T17:52:45.209222+00:00,200,2007.38,True,
2026-06-02T17:52:48.217140+00:00,200,2008.47,True,
2026-06-02T17:52:51.227651+00:00,200,2007.08,True,
2026-06-02T17:52:54.235138+00:00,200,2006.31,True,
2026-06-02T17:52:57.243096+00:00,200,2007.33,True,
2026-06-02T17:53:00.250742+00:00,200,2008.51,True,
2026-06-02T17:53:03.259657+00:00,200,2007.72,True,
2026-06-02T17:53:06.267818+00:00,200,2008.19,True,
2026-06-02T17:53:09.276289+00:00,200,2005.26,True,
2026-06-02T17:53:12.281932+00:00,200,2012.04,True,
2026-06-02T17:53:15.295246+00:00,200,2008.78,True,
2026-06-02T17:53:18.304379+00:00,200,2008.65,True,
2026-06-02T17:53:21.313719+00:00,200,2010.86,True,
2026-06-02T17:53:24.325342+00:00,200,2010.12,True,
2026-06-02T17:53:27.335843+00:00,200,2005.84,True,
2026-06-02T17:53:30.342759+00:00,200,2007.71,True,
2026-06-02T17:53:33.350864+00:00,200,2009.61,True,
2026-06-02T17:53:36.360894+00:00,200,2009.87,True,
2026-06-02T17:53:39.371037+00:00,200,2008.22,True,
2026-06-02T17:53:42.379928+00:00,200,2009.49,True,
2026-06-02T17:53:45.390319+00:00,200,2007.68,True,
2026-06-02T17:53:48.398388+00:00,200,2009.68,True,
2026-06-02T17:53:51.408292+00:00,200,2009.33,True,
2026-06-02T17:53:54.418092+00:00,200,2010.4,True,
2026-06-02T17:53:57.428906+00:00,200,2007.54,True,
2026-06-02T17:54:00.436838+00:00,200,2011.22,True,
2026-06-02T17:54:03.448753+00:00,200,2010.63,True,
2026-06-02T17:54:06.459904+00:00,200,2008.81,True,
2026-06-02T17:54:09.469230+00:00,200,2008.06,True,
2026-06-02T17:54:12.477741+00:00,200,2007.44,True,
2026-06-02T17:54:15.485527+00:00,200,2010.95,True,
2026-06-02T17:54:18.497058+00:00,200,2010.31,True,
2026-06-02T17:54:21.509112+00:00,200,2007.9,True,
2026-06-02T17:54:24.517330+00:00,200,2007.84,True,
2026-06-02T17:54:27.525613+00:00,200,2009.08,True,
2026-06-02T17:54:30.535196+00:00,200,2007.2,True,
2026-06-02T17:54:33.542822+00:00,200,2008.18,True,
2026-06-02T17:54:36.551370+00:00,200,2008.67,True,
2026-06-02T17:54:39.560404+00:00,200,2008.85,True,
2026-06-02T17:54:42.569595+00:00,200,2011.64,True,
2026-06-02T17:54:45.582663+00:00,200,2007.38,True,
2026-06-02T17:54:48.590314+00:00,200,2008.27,True,
2026-06-02T17:54:51.598990+00:00,200,2008.85,True,
2026-06-02T17:54:54.608415+00:00,200,2010.36,True,
2026-06-02T17:54:57.619216+00:00,200,2009.08,True,
2026-06-02T17:55:00.628652+00:00,200,2009.59,True,
2026-06-02T17:55:03.638627+00:00,200,2009.99,True,
2026-06-02T17:55:06.649569+00:00,200,2012.82,True,
2026-06-02T17:55:09.662719+00:00,200,2007.64,True,
2026-06-02T17:55:12.671284+00:00,200,2011.98,True,
2026-06-02T17:55:15.683692+00:00,200,2009.46,True,
2026-06-02T17:55:18.693457+00:00,200,2007.67,True,
2026-06-02T17:55:21.701625+00:00,200,2008.72,True,
2026-06-02T17:55:24.710801+00:00,200,2010.65,True,
2026-06-02T17:55:27.722255+00:00,200,2011.56,True,
2026-06-02T17:55:30.734137+00:00,200,2011.08,True,
2026-06-02T17:55:33.745601+00:00,200,2007.74,True,
2026-06-02T17:55:36.753719+00:00,200,2011.33,True,
2026-06-02T17:55:39.765444+00:00,200,2008.42,True,
2026-06-02T17:55:42.774274+00:00,200,2006.23,True,
2026-06-02T17:55:45.781174+00:00,200,2008.23,True,
2026-06-02T17:55:48.789756+00:00,200,2009.9,True,
2026-06-02T17:55:51.800018+00:00,200,2009.43,True,
2026-06-02T17:55:54.809748+00:00,200,2007.34,True,
2026-06-02T17:55:57.817660+00:00,200,2008.17,True,
2026-06-02T17:56:00.826631+00:00,200,2008.76,True,
2026-06-02T17:56:03.835721+00:00,200,2007.98,True,
2026-06-02T17:56:06.844216+00:00,200,2008.06,True,
2026-06-02T17:56:09.852616+00:00,200,2008.45,True,
2026-06-02T17:56:12.861737+00:00,200,2008.39,True,
2026-06-02T17:56:15.870475+00:00,200,2006.35,True,
2026-06-02T17:56:18.877081+00:00,200,2008.17,True,
2026-06-02T17:56:21.885782+00:00,200,2006.96,True,
2026-06-02T17:56:24.893159+00:00,200,2008.33,True,
2026-06-02T17:56:27.902086+00:00,200,2010.23,True,
2026-06-02T17:56:30.913139+00:00,200,2008.13,True,
2026-06-02T17:56:33.921547+00:00,200,2005.3,True,
2026-06-02T17:56:36.927192+00:00,200,2006.3,True,
2026-06-02T17:56:39.933709+00:00,200,2014.36,True,
2026-06-02T17:56:42.948404+00:00,200,2012.79,True,
2026-06-02T17:56:45.961549+00:00,200,2012.49,True,
2026-06-02T17:56:48.974554+00:00,200,2008.67,True,
2026-06-02T17:56:51.983498+00:00,200,2009.57,True,
2026-06-02T17:56:54.993494+00:00,200,2008.97,True,
2026-06-02T17:56:58.002754+00:00,200,2008.25,True,
2026-06-02T17:57:01.011273+00:00,200,2012.15,True,
2026-06-02T17:57:04.023816+00:00,200,2008.31,True,
2026-06-02T17:57:07.033017+00:00,200,2005.44,True,
2026-06-02T17:57:10.039312+00:00,200,2009.84,True,
2026-06-02T17:57:13.050693+00:00,200,2011.05,True,
2026-06-02T17:57:16.063325+00:00,200,2009.13,True,
2026-06-02T17:57:19.073178+00:00,200,2011.7,True,
2026-06-02T17:57:22.085243+00:00,200,2014.6,True,
2026-06-02T17:57:25.100176+00:00,200,2009.34,True,
2026-06-02T17:57:28.109936+00:00,200,2011.4,True,
2026-06-02T17:57:31.122195+00:00,200,2013.49,True,
2026-06-02T17:57:34.136096+00:00,200,2009.92,True,
2026-06-02T17:57:37.146399+00:00,200,2013.8,True,
2026-06-02T18:05:29.137809+00:00,200,2002.76,True,
2026-06-02T18:05:32.141808+00:00,200,2002.27,True,
2026-06-02T18:05:35.144490+00:00,200,2006.81,True,
2026-06-02T18:05:38.151775+00:00,200,2009.53,True,
2026-06-02T18:05:41.162226+00:00,200,2009.64,True,
2026-06-02T18:05:44.172376+00:00,200,2018.51,True,
2026-06-02T18:05:47.191371+00:00,200,2008.28,True,
2026-06-02T18:05:50.200591+00:00,200,2006.63,True,
2026-06-02T18:05:53.207728+00:00,200,2019.68,True,
2026-06-02T18:05:56.227877+00:00,200,2017.47,True,
2026-06-02T18:05:59.245779+00:00,200,2012.75,True,
2026-06-02T18:06:02.259179+00:00,200,2011.51,True,
2026-06-02T18:06:05.271491+00:00,200,2006.17,True,
2026-06-02T18:06:08.277887+00:00,200,2009.83,True,
2026-06-02T18:06:11.288087+00:00,200,2011.09,True,
2026-06-02T18:06:14.301075+00:00,200,2015.23,True,
2026-06-02T18:06:17.316791+00:00,200,2011.8,True,
2026-06-02T18:06:20.328885+00:00,200,2005.5,True,
2026-06-02T18:06:23.334612+00:00,200,2009.7,True,
2026-06-02T18:06:26.344543+00:00,200,2008.25,True,
2026-06-02T18:23:27.638230+00:00,200,2006.37,True,
2026-06-02T18:23:30.645202+00:00,200,2004.75,True,
2026-06-02T18:23:33.650175+00:00,200,2006.29,True,
2026-06-02T18:23:36.656729+00:00,200,2011.04,True,
2026-06-02T18:23:39.668305+00:00,200,2010.03,True,
2026-06-02T18:23:42.678931+00:00,200,2011.75,True,
2026-06-02T18:23:45.691122+00:00,200,2005.86,True,
2026-06-02T18:23:48.697336+00:00,200,2007.88,True,
2026-06-02T18:23:51.705709+00:00,200,2006.63,True,
2026-06-02T18:23:54.712906+00:00,200,2006.64,True,
2026-06-02T18:23:57.719773+00:00,200,2006.23,True,
2026-06-02T18:24:00.726504+00:00,200,2010.02,True,
2026-06-02T18:24:03.737163+00:00,200,2007.97,True,
2026-06-02T18:24:06.745572+00:00,200,2007.24,True,
2026-06-02T18:24:09.753185+00:00,200,2009.38,True,
2026-06-02T18:24:12.762962+00:00,200,2011.26,True,
2026-06-02T18:24:15.774681+00:00,200,2011.15,True,
2026-06-02T18:24:18.786114+00:00,200,2006.37,True,
2026-06-02T18:24:21.793322+00:00,200,2008.86,True,
2026-06-02T18:24:24.802662+00:00,200,2008.54,True,
2026-06-02T18:24:27.812715+00:00,200,2008.5,True,
2026-06-02T18:24:30.821622+00:00,200,2006.62,True,
2026-06-02T18:24:33.829224+00:00,200,2007.96,True,
2026-06-02T18:24:36.838728+00:00,200,2007.97,True,
2026-06-02T18:24:39.846971+00:00,200,2007.53,True,
2026-06-02T18:24:42.854858+00:00,200,2007.61,True,
2026-06-02T18:24:45.862809+00:00,200,2012.01,True,
2026-06-02T18:24:48.875769+00:00,200,2011.12,True,
2026-06-02T18:24:51.887924+00:00,200,2010.7,True,
2026-06-02T18:24:54.899004+00:00,200,2007.48,True,
2026-06-02T18:24:57.907066+00:00,200,2009.18,True,
2026-06-02T18:25:00.916593+00:00,200,2010.48,True,
2026-06-02T18:25:03.927525+00:00,200,2010.27,True,
2026-06-02T18:25:06.938541+00:00,200,2011.97,True,
2026-06-02T18:25:09.950858+00:00,200,2008.59,True,
2026-06-02T18:25:12.960274+00:00,200,2012.9,True,
2026-06-02T18:25:15.973489+00:00,200,2007.88,True,
2026-06-02T18:25:18.981774+00:00,200,2011.06,True,
2026-06-02T18:25:21.993238+00:00,200,2011.92,True,
2026-06-02T18:25:25.006802+00:00,200,2012.94,True,
2026-06-02T18:25:28.020156+00:00,200,2010.35,True,
2026-06-02T18:25:31.031019+00:00,200,2009.53,True,
2026-06-02T18:25:34.040875+00:00,200,2015.94,True,
2026-06-02T18:25:37.057135+00:00,200,2001.04,True,
2026-06-02T18:25:40.058598+00:00,200,2009.17,True,
2026-06-02T18:25:43.068233+00:00,200,2007.98,True,
2026-06-02T18:25:46.076512+00:00,200,2007.72,True,
2026-06-02T18:25:49.084580+00:00,200,2011.22,True,
2026-06-02T18:25:52.096651+00:00,200,2005.13,True,
2026-06-02T18:25:55.102169+00:00,200,2009.42,True,
2026-06-02T18:25:58.111892+00:00,200,2008.45,True,
2026-06-02T18:26:01.120828+00:00,200,2008.26,True,
2026-06-02T18:26:04.129541+00:00,200,2008.75,True,
2026-06-02T18:26:07.138649+00:00,200,2006.89,True,
2026-06-02T18:26:10.145842+00:00,200,2009.8,True,
2026-06-02T18:26:13.156982+00:00,200,2008.13,True,
2026-06-02T18:26:16.165554+00:00,200,2009.54,True,
2026-06-02T18:26:19.175766+00:00,200,2009.33,True,
2026-06-02T18:26:22.185650+00:00,200,2005.75,True,
2026-06-02T18:26:25.191742+00:00,200,102169.31,True,
2026-06-02T18:28:08.361642+00:00,200,2009.7,True,
2026-06-02T18:28:11.371963+00:00,200,2007.27,True,
2026-06-02T18:28:14.379631+00:00,200,2007.49,True,
2026-06-02T18:28:17.387387+00:00,200,2008.79,True,
2026-06-02T18:28:20.396496+00:00,200,2006.4,True,
2026-06-02T18:28:23.403273+00:00,200,2008.55,True,
2026-06-02T18:28:26.412327+00:00,200,2005.38,True,
2026-06-02T18:28:29.418793+00:00,200,2010.12,True,
2026-06-02T18:28:32.429298+00:00,200,2008.03,True,
2026-06-02T18:28:35.437644+00:00,200,2007.95,True,
2026-06-02T18:28:38.445851+00:00,200,2011.51,True,
2026-06-02T18:28:41.457701+00:00,200,2007.1,True,
2026-06-02T18:28:44.465111+00:00,200,2011.66,True,
2026-06-02T18:28:47.477277+00:00,200,2005.96,True,
2026-06-02T18:28:50.483726+00:00,200,2010.26,True,
2026-06-02T18:28:53.494313+00:00,200,2004.89,True,
2026-06-02T18:28:56.499564+00:00,200,2008.37,True,
2026-06-02T18:28:59.508495+00:00,200,2008.62,True,
2026-06-02T18:29:02.517423+00:00,200,2010.6,True,
2026-06-02T18:29:05.528753+00:00,200,948733.88,True,
2026-06-02T18:44:55.263762+00:00,200,2009.31,True,
2026-06-02T18:44:58.273692+00:00,200,2008.47,True,
2026-06-02T18:45:01.282776+00:00,200,2007.75,True,
2026-06-02T18:45:04.290988+00:00,200,2008.68,True,
2026-06-02T18:45:07.300289+00:00,200,2011.2,True,
2026-06-02T18:45:10.312759+00:00,200,2014.59,True,
2026-06-02T18:45:13.328546+00:00,200,2011.7,True,
2026-06-02T18:45:16.340662+00:00,200,2007.69,True,
2026-06-02T18:45:19.348671+00:00,200,2009.89,True,
2026-06-02T18:45:22.359126+00:00,200,2012.46,True,
2026-06-02T18:45:25.372087+00:00,200,2009.11,True,
2026-06-02T18:45:28.381718+00:00,200,2012.29,True,
2026-06-02T18:45:31.394471+00:00,200,2009.97,True,
2026-06-02T18:45:34.404776+00:00,200,2008.76,True,
2026-06-02T18:45:37.414340+00:00,200,2006.59,True,
2026-06-02T18:45:40.421664+00:00,200,2005.76,True,
2026-06-02T18:45:43.427903+00:00,200,2007.84,True,
2026-06-02T18:45:46.435902+00:00,200,2009.62,True,
2026-06-02T18:45:49.445881+00:00,200,2009.96,True,
2026-06-02T18:45:52.456152+00:00,200,901902.59,True,
2026-06-02T19:00:55.358995+00:00,200,2011.37,True,
2026-06-02T19:00:58.371855+00:00,200,2007.51,True,
2026-06-02T19:01:01.379920+00:00,200,2004.32,True,
2026-06-02T19:01:04.384693+00:00,200,2007.75,True,
2026-06-02T19:01:07.392945+00:00,200,2009.55,True,
2026-06-02T19:01:10.402911+00:00,200,2007.44,True,
2026-06-02T19:01:13.410838+00:00,200,2006.57,True,
2026-06-02T19:01:16.418277+00:00,200,2009.82,True,
2026-06-02T19:01:19.428450+00:00,200,2007.46,True,
2026-06-02T19:01:22.436806+00:00,200,2007.42,True,
2026-06-02T19:01:25.444687+00:00,200,2007.61,True,
2026-06-02T19:01:28.453088+00:00,200,2009.46,True,
2026-06-02T19:01:31.462844+00:00,200,2008.61,True,
2026-06-02T19:01:34.471746+00:00,200,2004.58,True,
2026-06-02T19:01:37.476737+00:00,200,2006.86,True,
2026-06-02T19:01:40.484112+00:00,200,2006.46,True,
2026-06-02T19:01:43.490958+00:00,200,2006.42,True,
2026-06-02T19:01:46.497923+00:00,200,2008.12,True,
2026-06-02T19:01:49.507671+00:00,200,2008.14,True,
2026-06-02T19:01:52.516372+00:00,200,2003.18,True,
2026-06-02T19:01:55.519936+00:00,200,2008.36,True,
2026-06-02T19:01:58.528639+00:00,200,2006.32,True,
2026-06-02T19:02:01.536015+00:00,200,2006.17,True,
2026-06-02T19:02:04.543918+00:00,200,2007.58,True,
2026-06-02T19:02:07.551805+00:00,200,2006.18,True,
2026-06-02T19:02:10.558333+00:00,200,2008.67,True,
2026-06-02T19:02:13.567321+00:00,200,2005.54,True,
2026-06-02T19:02:16.573072+00:00,200,2008.27,True,
2026-06-02T19:02:19.581659+00:00,200,2012.96,True,
2026-06-02T19:02:22.594983+00:00,200,2006.54,True,
2026-06-02T19:02:25.601893+00:00,200,2009.03,True,
2026-06-02T19:02:28.611277+00:00,200,2009.2,True,
2026-06-02T19:02:31.621386+00:00,200,2007.93,True,
2026-06-02T19:02:34.629664+00:00,200,2009.26,True,
2026-06-02T19:02:37.639250+00:00,200,2010.07,True,
2026-06-02T19:02:40.650182+00:00,200,2010.68,True,
2026-06-02T19:02:43.661193+00:00,200,2007.99,True,
2026-06-02T19:02:46.669563+00:00,200,2008.71,True,
2026-06-02T19:02:49.678674+00:00,200,2007.95,True,
2026-06-02T19:02:52.687105+00:00,200,2011.12,True,
2026-06-02T19:02:55.699151+00:00,200,2013.12,True,
2026-06-02T19:02:58.713117+00:00,200,2010.17,True,
2026-06-02T19:03:01.723633+00:00,200,2008.96,True,
2026-06-02T19:03:04.733045+00:00,200,2006.82,True,
2026-06-02T19:03:07.740194+00:00,200,2010.77,True,
2026-06-02T19:03:10.752660+00:00,200,2010.5,True,
2026-06-02T19:03:13.764086+00:00,200,2007.46,True,
2026-06-02T19:03:16.772179+00:00,200,2010.39,True,
2026-06-02T19:03:19.783381+00:00,200,2011.02,True,
2026-06-02T19:03:22.795094+00:00,200,2010.82,True,
2026-06-02T19:03:25.806401+00:00,200,2010.74,True,
2026-06-02T19:03:28.817605+00:00,200,2011.26,True,
2026-06-02T19:03:31.829330+00:00,200,2010.57,True,
2026-06-02T19:03:34.840277+00:00,200,2006.89,True,
2026-06-02T19:03:37.847497+00:00,200,2006.09,True,
2026-06-02T19:03:40.853895+00:00,200,2006.72,True,
2026-06-02T19:03:43.861096+00:00,200,2007.21,True,
2026-06-02T19:03:46.868599+00:00,200,2010.37,True,
2026-06-02T19:03:49.879304+00:00,200,1999.62,True,
2026-06-02T19:03:52.879404+00:00,200,2012.3,True,
2026-06-02T19:03:55.892048+00:00,200,2010.12,True,
2026-06-02T19:03:58.902585+00:00,200,2011.36,True,
2026-06-02T19:04:01.914307+00:00,200,2009.13,True,
2026-06-02T19:04:04.923901+00:00,200,2008.41,True,
2026-06-02T19:04:07.933156+00:00,200,2005.91,True,
2026-06-02T19:04:10.939383+00:00,200,2006.34,True,
2026-06-02T19:04:13.946136+00:00,200,2008.69,True,
2026-06-02T19:04:16.955222+00:00,200,2008.4,True,
2026-06-02T19:04:19.963938+00:00,200,2008.9,True,
2026-06-02T19:04:22.973300+00:00,200,2008.11,True,
2026-06-02T19:04:25.982062+00:00,200,2009.16,True,
2026-06-02T19:04:28.991678+00:00,200,2012.29,True,
2026-06-02T19:04:32.004399+00:00,200,2010.43,True,
2026-06-02T19:04:35.015266+00:00,200,2012.08,True,
2026-06-02T19:04:38.027783+00:00,200,2008.88,True,
2026-06-02T19:04:41.037139+00:00,200,2012.13,True,
2026-06-02T19:04:44.049581+00:00,200,2008.21,True,
2026-06-02T19:04:47.058022+00:00,200,2011.13,True,
2026-06-02T19:04:50.069546+00:00,200,2010.66,True,
2026-06-02T19:04:53.080599+00:00,200,2006.78,True,
2026-06-02T19:04:56.088078+00:00,200,2011.37,True,
2026-06-02T19:04:59.099756+00:00,200,2010.1,True,
2026-06-02T19:05:02.110151+00:00,200,2005.5,True,
2026-06-02T19:05:05.116059+00:00,200,2009.62,True,
2026-06-02T19:05:08.126074+00:00,200,2008.14,True,
2026-06-02T19:05:11.134590+00:00,200,2007.63,True,
2026-06-02T19:05:14.142658+00:00,200,2009.62,True,
2026-06-02T19:05:17.152682+00:00,200,2006.48,True,
2026-06-02T19:05:20.159550+00:00,200,2008.65,True,
2026-06-02T19:05:23.168658+00:00,200,2008.07,True,
2026-06-02T19:05:26.177128+00:00,200,2005.9,True,
2026-06-02T19:05:29.183317+00:00,200,2008.94,True,
2026-06-02T19:05:32.193156+00:00,200,2010.53,True,
2026-06-02T19:05:35.204227+00:00,200,2010.5,True,
2026-06-02T19:05:38.215554+00:00,200,2007.96,True,
2026-06-02T19:05:41.225084+00:00,200,2008.22,True,
2026-06-02T19:05:44.233571+00:00,200,2005.18,True,
2026-06-02T19:05:47.239133+00:00,200,2008.05,True,
2026-06-02T19:05:50.247910+00:00,200,2006.21,True,
2026-06-02T19:05:53.254690+00:00,200,2007.29,True,
2026-06-02T19:05:56.262564+00:00,200,2010.06,True,
2026-06-02T19:05:59.272933+00:00,200,2006.67,True,
2026-06-02T19:06:02.280441+00:00,200,2011.14,True,
2026-06-02T19:06:05.292032+00:00,200,2010.77,True,
2026-06-02T19:06:08.303167+00:00,200,2009.52,True,
2026-06-02T19:06:11.313165+00:00,200,2009.08,True,
2026-06-02T19:06:14.322620+00:00,200,2011.51,True,
2026-06-02T19:06:17.334500+00:00,200,2010.94,True,
2026-06-02T19:06:20.345844+00:00,200,2009.59,True,
2026-06-02T19:06:23.355765+00:00,200,2008.39,True,
2026-06-02T19:06:26.364539+00:00,200,2008.1,True,
2026-06-02T19:06:29.372901+00:00,200,2007.47,True,
2026-06-02T19:06:32.380673+00:00,200,2004.87,True,
2026-06-02T19:06:35.385831+00:00,200,2005.44,True,
2026-06-02T19:06:38.391538+00:00,200,2005.46,True,
2026-06-02T19:06:41.397286+00:00,200,2009.53,True,
2026-06-02T19:06:44.407398+00:00,200,2007.2,True,
2026-06-02T19:06:47.414986+00:00,200,2006.08,True,
2026-06-02T19:06:50.421361+00:00,200,2007.53,True,
2026-06-02T19:06:53.429153+00:00,200,2004.29,True,
2026-06-02T19:06:56.433677+00:00,200,2005.16,True,
2026-06-02T19:06:59.439083+00:00,200,2007.3,True,
2026-06-02T19:07:02.446709+00:00,200,2006.25,True,
2026-06-02T19:07:05.453267+00:00,200,2007.07,True,
2026-06-02T19:07:08.460642+00:00,200,2005.36,True,
2026-06-02T19:07:11.466423+00:00,200,2011.77,True,
2026-06-02T19:07:14.478929+00:00,200,2005.18,True,
2026-06-02T19:07:17.484375+00:00,200,2006.87,True,
2026-06-02T19:07:20.491934+00:00,200,2006.61,True,
2026-06-02T19:07:23.498911+00:00,200,2006.91,True,
2026-06-02T19:07:26.506347+00:00,200,2007.8,True,
2026-06-02T19:07:29.514499+00:00,200,2005.93,True,
2026-06-02T19:07:32.520894+00:00,200,2007.58,True,
2026-06-02T19:07:35.529470+00:00,200,2004.81,True,
2026-06-02T19:07:38.534576+00:00,200,2008.88,True,
2026-06-02T19:07:41.544099+00:00,200,2005.36,True,
2026-06-02T19:07:44.549869+00:00,200,2007.66,True,
2026-06-02T19:07:47.557904+00:00,200,2008.91,True,
2026-06-02T19:07:50.567177+00:00,200,2005.71,True,
2026-06-02T19:07:53.573129+00:00,200,2005.31,True,
2026-06-02T19:07:56.579337+00:00,200,2006.7,True,
2026-06-02T19:07:59.586308+00:00,200,2010.0,True,
2026-06-02T19:08:02.596803+00:00,200,1039.13,True,
2026-06-02T19:08:04.636275+00:00,200,7.69,True,
2026-06-02T19:08:05.644508+00:00,200,6.73,True,
2026-06-02T19:08:06.651965+00:00,200,4.54,True,
2026-06-02T19:08:07.656876+00:00,200,6.86,True,
2026-06-02T19:08:08.664067+00:00,200,7.33,True,
2026-06-02T19:08:09.671750+00:00,200,4.24,True,
2026-06-02T19:08:10.676864+00:00,200,4.0,True,
2026-06-02T19:08:11.681283+00:00,200,5.53,True,
2026-06-02T19:08:12.687164+00:00,200,3.51,True,
2026-06-02T19:08:13.690987+00:00,200,4.3,True,
2026-06-02T19:08:14.695490+00:00,200,3.75,True,
2026-06-02T19:08:15.699518+00:00,200,4.43,True,
2026-06-02T19:08:16.704222+00:00,200,5.45,True,
2026-06-02T19:08:17.710034+00:00,200,6.53,True,
2026-06-02T19:08:18.717231+00:00,200,8.24,True,
2026-06-02T19:08:19.725881+00:00,200,7.12,True,
2026-06-02T19:08:20.733420+00:00,200,6.53,True,
2026-06-02T19:08:21.740247+00:00,200,7.45,True,
2026-06-02T19:08:22.748050+00:00,200,5.89,True,
2026-06-02T19:08:23.754202+00:00,200,5.38,True,
2026-06-02T19:08:24.759941+00:00,200,8.99,True,
2026-06-02T19:08:25.769264+00:00,200,8.16,True,
2026-06-02T19:08:26.777739+00:00,200,6.11,True,
2026-06-02T19:08:27.784617+00:00,200,3.28,True,
2026-06-02T19:08:28.788279+00:00,200,8.82,True,
2026-06-02T19:08:29.797486+00:00,200,5.79,True,
2026-06-02T19:08:30.803669+00:00,200,6.93,True,
2026-06-02T19:08:31.810908+00:00,200,5.68,True,
2026-06-02T19:08:32.816980+00:00,200,4.44,True,
2026-06-02T19:08:33.821751+00:00,200,4.0,True,
2026-06-02T19:08:34.826395+00:00,200,8.72,True,
2026-06-02T19:08:35.835537+00:00,200,9.83,True,
2026-06-02T19:08:36.845729+00:00,200,8.93,True,
2026-06-02T19:08:37.854998+00:00,200,3.69,True,
2026-06-02T19:08:38.858996+00:00,200,3.86,True,
2026-06-02T19:08:39.863212+00:00,200,6.22,True,
2026-06-02T19:08:40.869952+00:00,200,3.53,True,
2026-06-02T19:08:41.873973+00:00,200,4.61,True,
2026-06-02T19:08:42.879511+00:00,200,3.45,True,
2026-06-02T19:08:43.883237+00:00,200,7.79,True,
2026-06-02T19:08:44.892053+00:00,200,3.03,True,
2026-06-02T19:08:45.895405+00:00,200,10.71,True,
2026-06-02T19:08:46.906585+00:00,200,6.75,True,
2026-06-02T19:08:47.913674+00:00,200,6.82,True,
2026-06-02T19:08:48.921021+00:00,200,3.49,True,
2026-06-02T19:08:49.924761+00:00,200,5.1,True,
2026-06-02T19:08:50.930290+00:00,200,4.72,True,
2026-06-02T19:08:51.935524+00:00,200,7.64,True,
2026-06-02T19:08:52.943903+00:00,200,17.09,True,
2026-06-02T19:08:53.961656+00:00,200,3.66,True,
2026-06-02T19:08:54.965598+00:00,200,4.1,True,
2026-06-02T19:08:55.970053+00:00,200,6.07,True,
2026-06-02T19:08:56.976461+00:00,200,7.53,True,
2026-06-02T19:08:57.984399+00:00,200,3.69,True,
2026-06-02T19:08:58.988695+00:00,200,3.41,True,
2026-06-02T19:08:59.992360+00:00,200,3.37,True,
2026-06-02T19:09:00.996129+00:00,200,7.45,True,
2026-06-02T19:09:02.003954+00:00,200,7.33,True,
2026-06-02T19:09:03.011572+00:00,200,3.97,True,
2026-06-02T19:09:04.015850+00:00,200,5.14,True,
2026-06-02T19:09:05.021554+00:00,200,6.18,True,
2026-06-02T19:09:06.028063+00:00,200,3.97,True,
2026-06-02T19:09:07.032556+00:00,200,6.51,True,
2026-06-02T19:09:08.040009+00:00,200,2.61,True,
2026-06-02T19:09:09.042872+00:00,200,3.86,True,
2026-06-02T19:09:10.047029+00:00,200,10.17,True,
2026-06-02T19:09:11.057520+00:00,200,8.35,True,
2026-06-02T19:09:12.066181+00:00,200,4.56,True,
2026-06-02T19:09:13.071109+00:00,200,4.71,True,
2026-06-02T19:09:14.076497+00:00,200,2.39,True,
2026-06-02T19:09:15.079038+00:00,200,4.37,True,
2026-06-02T19:09:16.083736+00:00,200,5.37,True,
2026-06-02T19:09:17.089451+00:00,200,3.22,True,
2026-06-02T19:09:18.092987+00:00,200,3.9,True,
2026-06-02T19:09:19.097129+00:00,200,3.68,True,
2026-06-02T19:09:20.101031+00:00,200,6.28,True,
2026-06-02T19:09:21.107672+00:00,200,7.42,True,
2026-06-02T19:09:22.115404+00:00,200,4.43,True,
2026-06-02T19:09:23.120251+00:00,200,2.95,True,
2026-06-02T19:09:24.123397+00:00,200,4.81,True,
2026-06-02T19:09:25.128485+00:00,200,4.21,True,
2026-06-02T19:09:26.133023+00:00,200,5.55,True,
2026-06-02T19:09:27.138917+00:00,200,9.04,True,
2026-06-02T19:09:28.148656+00:00,200,4.79,True,
2026-06-02T19:09:29.153767+00:00,200,2.93,True,
2026-06-02T19:09:30.157051+00:00,200,8.21,True,
2026-06-02T19:09:31.165591+00:00,200,7.65,True,
2026-06-02T19:09:32.173633+00:00,200,9.88,True,
2026-06-02T19:09:33.183896+00:00,200,4.82,True,
2026-06-02T19:09:34.188990+00:00,200,3.67,True,
2026-06-02T19:09:35.192947+00:00,200,3.27,True,
2026-06-02T19:09:36.196947+00:00,200,8.17,True,
2026-06-02T19:09:37.205540+00:00,200,9.08,True,
2026-06-02T19:09:38.214940+00:00,200,7.04,True,
2026-06-02T19:09:39.222291+00:00,200,7.09,True,
2026-06-02T19:09:40.229761+00:00,200,6.52,True,
2026-06-02T19:09:41.236709+00:00,200,9.59,True,
2026-06-02T19:09:42.246662+00:00,200,6.6,True,
2026-06-02T19:09:43.253624+00:00,200,9.38,True,
2026-06-02T19:09:44.263361+00:00,200,9.0,True,
2026-06-02T19:09:45.272765+00:00,200,8.73,True,
2026-06-02T19:09:46.281924+00:00,200,5.88,True,
2026-06-02T19:09:47.288246+00:00,200,6.68,True,
2026-06-02T19:09:48.295188+00:00,200,3.44,True,
2026-06-02T19:09:49.299063+00:00,200,3.12,True,
2026-06-02T19:09:50.302639+00:00,200,7.84,True,
2026-06-02T19:09:51.310773+00:00,200,9.51,True,
2026-06-02T19:09:52.320840+00:00,200,7.74,True,
2026-06-02T19:09:53.328987+00:00,200,7.73,True,
2026-06-02T19:09:54.337887+00:00,200,9.49,True,
2026-06-02T19:09:55.347750+00:00,200,4.36,True,
2026-06-02T19:09:56.352517+00:00,200,6.5,True,
2026-06-02T19:09:57.359334+00:00,200,5.8,True,
2026-06-02T19:09:58.365644+00:00,200,7.48,True,
2026-06-02T19:09:59.374015+00:00,200,8.12,True,
2026-06-02T19:10:00.382482+00:00,200,6.24,True,
2026-06-02T19:10:01.389475+00:00,200,4.04,True,
2026-06-02T19:10:02.393853+00:00,200,6.56,True,
2026-06-02T19:10:03.400674+00:00,200,3.35,True,
2026-06-02T19:10:04.404305+00:00,200,9.52,True,
2026-06-02T19:10:05.414122+00:00,200,3.05,True,
2026-06-02T19:10:06.417981+00:00,200,6.1,True,
2026-06-02T19:10:07.424802+00:00,200,4.27,True,
2026-06-02T19:10:08.429395+00:00,200,6.9,True,
2026-06-02T19:10:09.436853+00:00,200,3.85,True,
2026-06-02T19:10:10.440973+00:00,200,8.3,True,
2026-06-02T19:10:11.449718+00:00,200,2.61,True,
2026-06-02T19:10:12.452537+00:00,200,3.5,True,
2026-06-02T19:10:13.456570+00:00,200,4.24,True,
2026-06-02T19:10:14.461032+00:00,200,3.99,True,
2026-06-02T19:10:15.465230+00:00,200,2.99,True,
2026-06-02T19:10:16.468529+00:00,200,3.87,True,
2026-06-02T19:10:17.472773+00:00,200,7.42,True,
2026-06-02T19:10:18.480756+00:00,200,2.97,True,
2026-06-02T19:10:19.484093+00:00,200,4.26,True,
2026-06-02T19:10:20.488750+00:00,200,7.99,True,
2026-06-02T19:10:21.497432+00:00,200,6.74,True,
2026-06-02T19:10:22.504559+00:00,200,3.35,True,
2026-06-02T19:10:23.508145+00:00,200,4.09,True,
2026-06-02T19:10:24.512538+00:00,200,4.04,True,
2026-06-02T19:10:25.517039+00:00,200,4.79,True,
2026-06-02T19:10:26.522127+00:00,200,3.85,True,
2026-06-02T19:10:27.526252+00:00,200,4.21,True,
2026-06-02T19:10:28.531434+00:00,200,3.54,True,
2026-06-02T19:10:29.537296+00:00,200,7.84,True,
2026-06-02T19:10:30.545430+00:00,200,3.84,True,
2026-06-02T19:10:31.551381+00:00,200,7.56,True,
2026-06-02T19:10:32.559408+00:00,200,6.25,True,
2026-06-02T19:10:33.566113+00:00,200,8.73,True,
2026-06-02T19:10:34.575916+00:00,200,7.1,True,
2026-06-02T19:10:35.583350+00:00,200,6.52,True,
2026-06-02T19:10:36.590173+00:00,200,4.62,True,
2026-06-02T19:10:37.596167+00:00,200,8.25,True,
2026-06-02T19:10:38.605235+00:00,200,6.15,True,
2026-06-02T19:10:39.611842+00:00,200,6.01,True,
2026-06-02T19:10:40.618178+00:00,200,6.49,True,
2026-06-02T19:10:41.625101+00:00,200,6.27,True,
2026-06-02T19:10:42.631853+00:00,200,6.03,True,
2026-06-02T19:10:43.638187+00:00,200,6.94,True,
2026-06-02T19:10:44.645517+00:00,200,7.86,True,
2026-06-02T19:10:45.653734+00:00,200,6.96,True,
2026-06-02T19:10:46.660994+00:00,200,3.29,True,
2026-06-02T19:10:47.664916+00:00,200,6.6,True,
2026-06-02T19:10:48.671934+00:00,200,3.22,True,
2026-06-02T19:10:49.677027+00:00,200,7.16,True,
2026-06-02T19:10:50.684856+00:00,200,3.96,True,
2026-06-02T19:10:51.689325+00:00,200,7.74,True,
2026-06-02T19:10:52.698468+00:00,200,6.4,True,
2026-06-02T19:10:53.706156+00:00,200,6.31,True,
2026-06-02T19:10:54.713211+00:00,200,6.52,True,
2026-06-02T19:10:55.720145+00:00,200,6.34,True,
2026-06-02T19:10:56.727728+00:00,200,6.38,True,
2026-06-02T19:10:57.734512+00:00,200,15.34,True,
2026-06-02T19:10:58.750135+00:00,200,3.76,True,
2026-06-02T19:10:59.754187+00:00,200,9.8,True,
2026-06-02T19:11:00.764398+00:00,200,11.86,True,
2026-06-02T19:11:01.776625+00:00,200,4.31,True,
2026-06-02T19:11:02.781210+00:00,200,4.85,True,
2026-06-02T19:11:03.786879+00:00,200,10.8,True,
2026-06-02T19:11:04.798762+00:00,200,7.66,True,
2026-06-02T19:11:05.808106+00:00,200,9.09,True,
2026-06-02T19:11:06.817650+00:00,200,4.56,True,
2026-06-02T19:11:07.822461+00:00,200,2.1,True,
2026-06-02T19:11:08.825187+00:00,200,8.99,True,
2026-06-02T19:11:09.834857+00:00,200,6.18,True,
2026-06-02T19:11:10.841446+00:00,200,2.78,True,
2026-06-02T19:11:11.844559+00:00,200,7.07,True,
2026-06-02T19:11:12.852240+00:00,200,6.3,True,
2026-06-02T19:11:13.859054+00:00,200,5.33,True,
2026-06-02T19:11:14.864620+00:00,200,2.82,True,
2026-06-02T19:11:15.868193+00:00,200,7.48,True,
2026-06-02T19:11:16.876315+00:00,200,6.99,True,
2026-06-02T19:11:17.883663+00:00,200,6.79,True,
2026-06-02T19:11:18.890995+00:00,200,7.03,True,
2026-06-02T19:11:19.898606+00:00,200,10.29,True,
2026-06-02T19:11:20.909218+00:00,200,7.02,True,
2026-06-02T19:11:21.916636+00:00,200,5.8,True,
2026-06-02T19:11:22.922885+00:00,200,4.0,True,
2026-06-02T19:11:23.928048+00:00,200,5.21,True,
2026-06-02T19:11:24.933911+00:00,200,3.98,True,
2026-06-02T19:11:25.938160+00:00,200,5.43,True,
2026-06-02T19:11:26.943970+00:00,200,7.45,True,
2026-06-02T19:11:27.952100+00:00,200,7.38,True,
2026-06-02T19:11:28.959765+00:00,200,8.39,True,
2026-06-02T19:11:29.968516+00:00,200,4.31,True,
2026-06-02T19:11:30.973141+00:00,200,14.9,True,
2026-06-02T19:11:31.989131+00:00,200,8.87,True,
2026-06-02T19:11:32.999350+00:00,200,7.02,True,
2026-06-02T19:11:34.008151+00:00,200,3.5,True,
2026-06-02T19:11:35.011916+00:00,200,8.92,True,
2026-06-02T19:11:36.021185+00:00,200,4.37,True,
2026-06-02T19:11:37.027340+00:00,200,4.61,True,
2026-06-02T19:11:38.032216+00:00,200,3.07,True,
2026-06-02T19:11:39.035563+00:00,200,7.14,True,
2026-06-02T19:11:40.043183+00:00,200,7.95,True,
2026-06-02T19:11:41.051500+00:00,200,7.49,True,
2026-06-02T19:11:42.059333+00:00,200,5.2,True,
2026-06-02T19:11:43.064927+00:00,200,3.77,True,
2026-06-02T19:11:44.069109+00:00,200,7.35,True,
2026-06-02T19:11:45.076863+00:00,200,3.07,True,
2026-06-02T19:11:46.080152+00:00,200,3.75,True,
2026-06-02T19:11:47.084156+00:00,200,5.68,True,
2026-06-02T19:11:48.090363+00:00,200,3.34,True,
2026-06-02T19:11:49.094112+00:00,200,3.65,True,
2026-06-02T19:11:50.098035+00:00,200,7.0,True,
2026-06-02T19:11:51.106647+00:00,200,3.12,True,
2026-06-02T19:11:52.110090+00:00,200,2.99,True,
2026-06-02T19:11:53.113305+00:00,200,3.39,True,
2026-06-02T19:11:54.117322+00:00,200,5.6,True,
2026-06-02T19:11:55.124235+00:00,200,3.95,True,
2026-06-02T19:11:56.128440+00:00,200,7.56,True,
2026-06-02T19:11:57.136350+00:00,200,4.43,True,
2026-06-02T19:11:58.141070+00:00,200,3.42,True,
2026-06-02T19:11:59.145487+00:00,200,10.0,True,
2026-06-02T19:12:00.156560+00:00,200,6.08,True,
2026-06-02T19:12:01.162940+00:00,200,2.82,True,
2026-06-02T19:12:02.166161+00:00,200,2.5,True,
2026-06-02T19:12:03.170092+00:00,200,3.6,True,
2026-06-02T19:12:04.174294+00:00,200,4.22,True,
2026-06-02T19:12:05.178766+00:00,200,3.62,True,
2026-06-02T19:12:06.182686+00:00,200,4.35,True,
2026-06-02T19:12:07.187313+00:00,200,7.84,True,
2026-06-02T19:12:08.195501+00:00,200,3.66,True,
2026-06-02T19:12:09.199487+00:00,200,8.07,True,
2026-06-02T19:12:10.208352+00:00,200,4.14,True,
2026-06-02T19:12:11.212743+00:00,200,4.13,True,
2026-06-02T19:12:12.217144+00:00,200,3.65,True,
2026-06-02T19:12:13.221803+00:00,200,4.33,True,
2026-06-02T19:12:14.226755+00:00,200,10.14,True,
2026-06-02T19:12:15.238037+00:00,200,4.0,True,
2026-06-02T19:12:16.242445+00:00,200,9.48,True,
2026-06-02T19:12:17.252286+00:00,200,6.5,True,
2026-06-02T19:12:18.259082+00:00,200,7.13,True,
2026-06-02T19:12:19.267875+00:00,200,8.21,True,
2026-06-02T19:12:20.276440+00:00,200,6.73,True,
2026-06-02T19:12:21.283860+00:00,200,7.41,True,
2026-06-02T19:12:22.291580+00:00,200,7.58,True,
2026-06-02T19:12:23.299689+00:00,200,2.59,True,
2026-06-02T19:12:24.302926+00:00,200,7.78,True,
2026-06-02T19:12:25.311104+00:00,200,3.97,True,
2026-06-02T19:12:26.315650+00:00,200,8.62,True,
2026-06-02T19:12:27.324662+00:00,200,3.61,True,
2026-06-02T19:12:28.328632+00:00,200,3.05,True,
2026-06-02T19:12:29.331933+00:00,200,7.38,True,
2026-06-02T19:12:30.339996+00:00,200,6.73,True,
2026-06-02T19:12:31.347068+00:00,200,2.0,True,
2026-06-02T19:12:32.349324+00:00,200,7.08,True,
2026-06-02T19:12:33.357273+00:00,200,7.33,True,
2026-06-02T19:12:34.366231+00:00,200,4.85,True,
2026-06-02T19:12:35.371943+00:00,200,3.17,True,
2026-06-02T19:12:36.375630+00:00,200,8.45,True,
2026-06-02T19:12:37.385917+00:00,200,4.31,True,
2026-06-02T19:12:38.390782+00:00,200,3.24,True,
2026-06-02T19:12:39.394359+00:00,200,4.15,True,
2026-06-02T19:12:40.398797+00:00,200,10.13,True,
2026-06-02T19:12:41.409690+00:00,200,7.98,True,
2026-06-02T19:12:42.418466+00:00,200,4.44,True,
2026-06-02T19:12:43.423425+00:00,200,3.88,True,
2026-06-02T19:12:44.427524+00:00,200,3.77,True,
2026-06-02T19:12:45.431630+00:00,200,3.84,True,
2026-06-02T19:12:46.436863+00:00,200,6.41,True,
2026-06-02T19:12:47.443677+00:00,200,4.58,True,
2026-06-02T19:12:48.448622+00:00,200,8.35,True,
2026-06-02T19:12:49.457430+00:00,200,4.76,True,
2026-06-02T19:12:50.462476+00:00,200,8.93,True,
2026-06-02T19:12:51.471859+00:00,200,7.76,True,
2026-06-02T19:12:52.480662+00:00,200,6.12,True,
2026-06-02T19:12:53.487215+00:00,200,4.76,True,
2026-06-02T19:12:54.492342+00:00,200,8.13,True,
2026-06-02T19:12:55.501035+00:00,200,3.57,True,
2026-06-02T19:12:56.505508+00:00,200,3.83,True,
2026-06-02T19:12:57.509634+00:00,200,4.66,True,
2026-06-02T19:12:58.514582+00:00,200,2.64,True,
2026-06-02T19:12:59.517473+00:00,200,4.67,True,
2026-06-02T19:13:00.522568+00:00,200,5.94,True,
2026-06-02T19:13:01.529052+00:00,200,4.13,True,
2026-06-02T19:13:02.533505+00:00,200,7.79,True,
